Job ID $ Task index within the job, Start time (micro second), Finish time (micro second), Duration (micro second), Priority 
6251532251$262,0,1852419247,1852419247,2
6251532251$260,0,1751388545,1751388545,2
6251532251$261,0,1814657672,1814657672,2
6251951306$321,4367038195,4562647102,195608907,2
6251951306$320,4367038181,4590796179,223757998,2
6251951306$322,4367038209,4579999090,212960881,2
6251951306$325,4367038251,4577668555,210630304,2
6251951306$324,4367038237,4616713909,249675672,2
6251951306$327,4367038279,4570390521,203352242,2
6251951306$326,4367038265,4640274663,273236398,2
6251951306$329,4367038307,4579999136,212960829,2
6251951306$328,4367038293,4561926846,194888553,2
6251938667$160,4207124433,4356415379,149290946,0
6251779174$166,2102275524,2589982699,487707175,2
6251882848$111,3239652664,3482863778,243211114,2
6251779174$164,2102275496,2545811439,443535943,2
6251779174$165,2102275510,2581182164,478906654,2
6251779174$162,2102275468,2546786900,444511432,2
6251779174$163,2102275482,2582004014,479728532,2
6251779174$160,2102275440,2552938825,450663385,2
6251779174$161,2102275454,2546785820,444510366,2
6251882848$118,3239652762,3475153881,235501119,2
6251882848$119,3239652776,3463526421,223873645,2
6251795690$578,2151673477,2632800953,481127476,2
6251795690$579,2151673491,2690204815,538531324,2
6251779174$168,2102275552,2582809511,480533959,2
6251779174$169,2102275567,2548502194,446226627,2
6251938667$166,4207124560,4334416028,127291468,0
6251849958$736,2640767497,2830655163,189887666,2
6251849958$734,2640767469,2831552864,190785395,2
6251849958$733,2640767448,2985968822,345201374,2
6251849958$732,2640767410,2796439168,155671758,2
6250505806$399,0,3327183646,3327183646,2
6250505806$398,0,646637162,646637162,2
6250505806$397,0,1911753384,1911753384,2
6250505806$395,0,2893299286,2893299286,2
6250505806$394,0,3903144404,3903144404,2
6250505806$391,0,2853630890,2853630890,2
6250505806$390,0,3065239139,3065239139,2
6251899333$353,3527455095,3729098103,201643008,2
6251899333$352,3527455081,3735691501,208236420,2
6251899333$351,3527455067,3691077996,163622929,2
6251899333$357,3527455151,3704302347,176847196,2
6251899333$356,3527455137,3767463539,240008402,2
6251899333$355,3527455123,3696459378,169004255,2
6251899333$354,3527455109,3729843708,202388599,2
6251899333$359,3527455179,3700650533,173195354,2
6251899333$358,3527455165,3689608604,162153439,2
6251904229$791,3551560887,4074388784,522827897,2
6251892565$618,3413246431,4027590036,614343605,2
6251892565$614,3413246345,4026812485,613566140,2
6251892565$615,3413246359,3998785880,585539521,2
6251892565$616,3413246373,3996063573,582817200,2
6251892565$617,3413246405,4013922595,600676190,2
6251892565$610,3413246289,4034373708,621127419,2
6251892565$611,3413246303,4083381362,670135059,2
6251892565$612,3413246317,4073175053,659928736,2
6251892565$613,3413246331,4112881626,699635295,2
6251674199$92,763189521,937760482,174570961,2
6251674199$93,763189535,930859697,167670162,2
6251674199$96,763189577,937760379,174570802,2
6251674199$97,763189591,918536785,155347194,2
6251674199$95,763189563,927181645,163992082,2
6251750221$0,1636644336,1666676145,30031809,2
6251784940$475,2140229251,2516923959,376694708,2
6251812952$1578,2240263837,5149465662,2909201825,2
6251812952$1573,2229684461,4962216470,2732532009,2
6251812952$1572,2238941010,5134564278,2895623268,2
6251812952$1571,2237733377,5090480308,2852746931,2
6251812952$1570,2225921444,5120903501,2894982057,2
6251812952$1577,2229685556,4954423406,2724737850,2
6251812952$1575,2235281679,5110091181,2874809502,2
6251812952$1574,2237734159,5213615031,2975880872,2
6251866953$423,2852990885,3090758905,237768020,2
6251866953$422,2852990871,3017358566,164367695,2
6251866953$421,2852990857,2997255247,144264390,2
6251866953$420,2852990843,3029067596,176076753,2
6251866953$427,2852990941,3011963167,158972226,2
6251866953$426,2852990927,3041725640,188734713,2
6251866953$425,2852990913,2997255281,144264368,2
6251866953$424,2852990899,3019191758,166200859,2
6251866953$429,2852990969,3011962558,158971589,2
6251866953$428,2852990955,3081836724,228845769,2
6251849958$143,2640758726,2860460024,219701298,2
6251754480$283,1601643515,1730509895,128866380,2
6251754480$280,1601643435,1741977690,140334255,2
6251754480$281,1601643464,1734479274,132835810,2
6251754480$286,1601643588,1737343953,135700365,2
6251754480$287,1601643610,1750649306,149005696,2
6251537638$626,0,610633578,610633578,2
6251784940$72,2140223382,2494627648,354404266,2
6251784940$73,2140223396,2538253376,398029980,2
6251784940$70,2140223354,2488016153,347792799,2
6251784940$71,2140223368,2493717019,353493651,2
6251784940$76,2140223445,2536533119,396309674,2
6251784940$77,2140223462,2537400517,397177055,2
6251784940$74,2140223410,2533921831,393698421,2
6251784940$75,2140223424,2546786474,406563050,2
6251784940$78,2140223476,2498555387,358331911,2
6251784940$79,2140223490,2498554921,358331431,2
6251726235$591,1442206964,3139653739,1697446775,2
6251726235$590,1442206950,3066798586,1624591636,2
6251726235$595,1442207037,3074754832,1632547795,2
6251726235$594,1442207019,3072413617,1630206598,2
6251726235$597,1442207065,3100549983,1658342918,2
6251726235$596,1442207051,3100549133,1658342082,2
6251969145$864,4841053156,5358151875,517098719,2
6251969145$861,4841053114,5358151826,517098712,2
6251969145$863,4841053142,5354787462,513734320,2
6251969145$869,4841053226,5368414156,527360930,2
6251882848$110,3239652650,3445594377,205941727,2
6251882848$112,3239652678,3486386856,246734178,2
6251795690$571,2151673379,2695906838,544233459,2
6251882848$114,3239652706,3519613226,279960520,2
6251795690$577,2151673463,2625749550,474076087,2
6251882848$116,3239652734,3448561341,208908607,2
6251882848$117,3239652748,3465760552,226107804,2
6251803864$1928,2178769470,2850617567,671848097,2
6251803864$1920,2178769318,3027316065,848546747,2
6251803864$1921,2178769357,2889403600,710634243,2
6251803864$1922,2178769377,3052391503,873622126,2
6251803864$1923,2178769391,3125694397,946925006,2
6251803864$1926,2178769442,2933156350,754386908,2
6251803864$1927,2178769456,3019988955,841219499,2
6251899333$55,3527450748,3687333710,159882962,2
6251899333$54,3527450734,3710589670,183138936,2
6251899333$57,3527450778,3793022596,265571818,2
6251899333$56,3527450762,3727320343,199869581,2
6251899333$51,3527450692,3690345990,162895298,2
6251899333$50,3527450678,3795241194,267790516,2
6251899333$53,3527450720,3709274712,181823992,2
6251899333$52,3527450706,3734976869,207526163,2
6251899333$59,3527450806,3750005716,222554910,2
6251899333$58,3527450792,3689608830,162158038,2
6251688639$2,885952704,1096113260,210160556,2
6251725155$99,1442183445,1808656863,366473418,2
6251725155$98,1442183431,1813957686,371774255,2
6251725155$95,1442183388,1819094276,376910888,2
6251725155$94,1442183374,1811512519,369329145,2
6251725155$97,1442183416,1819094565,376911149,2
6251725155$96,1442183402,1810705980,368522578,2
6251725155$91,1442183332,1811511760,369328428,2
6251725155$93,1442183360,2034302359,592118999,2
6251725155$92,1442183346,1812346094,370162748,2
6250505806$211,0,780924028,780924028,2
6250505806$216,0,3872811091,3872811091,2
6250505806$215,0,2395858378,2395858378,2
6251765262$176,1717260672,2102971820,385711148,0
6251765262$177,1717260692,2173377115,456116423,0
6251765262$175,1717260652,2077687053,360426401,0
6251765262$172,1717260591,2130612267,413351676,0
6251765262$173,1717260612,2197150928,479890316,0
6251974185$118,4853925953,5391106954,537181001,2
6251974185$119,4853925967,5412007946,558081979,2
6251974185$116,4853925925,5367624432,513698507,2
6251974185$117,4853925939,5428195615,574269676,2
6251974185$114,4853925896,5367623818,513697922,2
6251974185$115,4853925911,5387127172,533201261,2
6251974185$112,4853925868,5363991314,510065446,2
6251974185$110,4853925839,5367624568,513698729,2
6251974185$111,4853925853,5375939754,522013901,2
6251899333$256,3527453584,3686626436,159172852,2
6251899333$257,3527453598,3709274731,181821133,2
6251899333$254,3527453556,3683895284,156441728,2
6251899333$255,3527453570,3685965830,158512260,2
6251899333$252,3527453528,3730593202,203139674,2
6251899333$253,3527453542,3678279464,150825922,2
6251899333$250,3527453500,3688109934,160656434,2
6251899333$251,3527453514,3686626745,159173231,2
6251899333$258,3527453612,3686626600,159172988,2
6251899333$259,3527453656,3675523744,148070088,2
6251876988$0,3067503924,3238873372,171369448,1
6251812952$869,2235282400,5337712276,3102429876,2
6251812952$868,2243857907,4852069023,2608211116,2
6251812952$865,2238940051,4833190519,2594250468,2
6251812952$864,2240265834,4865931018,2625665184,2
6251812952$867,2220843859,4854849817,2634005958,2
6251812952$866,2234091557,5344525764,3110434207,2
6251812952$861,2240265709,4841653393,2601387684,2
6251812952$860,2240263494,5162984043,2922720549,2
6251812952$863,2226909307,5239368416,3012459109,2
6251812952$862,2231825934,4876666012,2644840078,2
6251726235$238,1442201426,3146367321,1704165895,2
6250505806$179,0,3990491174,3990491174,2
6251726235$231,1442201304,3109910523,1667709219,2
6251860459$198,2789555675,2947812726,158257051,2
6251860459$192,2789555591,2980866228,191310637,2
6251860459$193,2789555605,2959978915,170423310,2
6251860459$190,2789555563,2993384486,203828923,2
6251860459$191,2789555577,2958299834,168744257,2
6251860459$196,2789555647,2963521265,173965618,2
6251860459$197,2789555661,2945436498,155880837,2
6251860459$194,2789555619,2950067916,160512297,2
6251860459$195,2789555633,2938223310,148667677,2
6250505806$171,0,2810543183,2810543183,2
6251687275$869,872256620,1336429414,464172794,2
6251687275$868,872256606,1329840753,457584147,2
6251687275$863,872256534,1333160207,460903673,2
6251687275$862,872256520,1341102035,468845515,2
6251687275$861,872256506,1662331043,790074537,2
6251687275$860,872256492,1332372826,460116334,2
6251687275$867,872256590,1329840722,457584132,2
6251687275$866,872256576,1328508409,456251833,2
6251687275$865,872256562,1332373175,460116613,2
6251687275$864,872256548,1359303617,487047069,2
6251640760$823,0,728155990,728155990,2
6251640760$826,0,761604363,761604363,2
6251941721$813,4225981202,4349178597,123197395,2
6251941721$812,4225981188,4352519003,126537815,2
6251941721$811,4225981174,4352519053,126537879,2
6251941721$810,4225981160,4349178454,123197294,2
6251941721$817,4225981270,4349991725,124010455,2
6251941721$815,4225981230,4407181175,181199945,2
6251941721$814,4225981216,4356415319,130434103,2
6251941721$819,4225981315,4354299908,128318593,2
6251969145$136,4841042567,5357334114,516291547,2
6251882848$702,3239661665,3440067588,200405923,2
6251882848$707,3239661735,3472927946,233266211,2
6251969145$131,4841042497,5355630203,514587706,2
6251974185$16,4853924506,5360791785,506867279,2
6251674199$507,763195965,941308099,178112134,2
6251674199$506,763195951,953200037,190004086,2
6251674199$505,763195937,920422646,157226709,2
6251674199$504,763195923,918536798,155340875,2
6251674199$503,763195909,924891726,161695817,2
6251674199$502,763195895,963723183,200527288,2
6251674199$501,763195881,946652993,183457112,2
6251674199$509,763195993,936116848,172920855,2
6251674199$508,763195979,948922711,185726732,2
6251687275$93,872244428,1338552716,466308288,2
6251687275$92,872244414,1332373841,460129427,2
6251672941$179,760953063,972490884,211537821,2
6251672941$178,760953043,988037804,227084761,2
6251687275$97,872244484,1362099294,489854810,2
6251687275$96,872244470,1344278271,472033801,2
6251687275$95,872244456,1330774559,458530103,2
6251687275$94,872244442,1540157841,667913399,2
6251687275$99,872244512,1371898029,499653517,2
6251672941$177,760953023,976015681,215062658,2
6251672941$176,760953003,988800718,227847715,2
6251672941$174,760952963,976016290,215063327,2
6251754480$321,1601644310,1744714717,143070407,2
6251754480$320,1601644294,1723636718,121992424,2
6251754480$323,1601644342,1736360383,134716041,2
6251754480$322,1601644326,1721925249,120280923,2
6251754480$325,1601644374,1723636611,121992237,2
6251754480$324,1601644358,1722774936,121130578,2
6251754480$327,1601644406,1725418781,123774375,2
6251754480$326,1601644390,1723636619,121992229,2
6251754480$328,1601644440,1721925083,120280643,2
6251712256$768,1373720310,1735328993,361608683,2
6251712256$769,1373720324,1731479091,357758767,2
6251712256$760,1373720186,1734478019,360757833,2
6251712256$762,1373720226,1741978050,368257824,2
6251712256$763,1373720240,1751387886,377667646,2
6251712256$764,1373720254,1724558869,350838615,2
6251712256$765,1373720268,1743934170,370213902,2
6251712256$766,1373720282,1724559311,350839029,2
6251712256$767,1373720296,1743147969,369427673,2
6251726235$418,1442204268,3076473684,1634269416,2
6251726235$419,1442204282,3147521214,1705316932,2
6251803864$832,2178752140,3142553476,963801336,2
6251803864$833,2178752194,2929045839,750293645,2
6251803864$830,2178752105,3058771067,880018962,2
6251803864$831,2178752119,2848944764,670192645,2
6251803864$836,2178752261,2853630491,674878230,2
6251803864$837,2178752275,2894926373,716174098,2
6251803864$834,2178752216,2910769341,732017125,2
6251803864$835,2178752243,3026537368,847785125,2
6251803864$838,2178752289,2895727902,716975613,2
6251803864$839,2178752303,3063070046,884317743,2
6251725155$577,1442190674,1820003782,377813108,2
6251725155$576,1442190658,1846008055,403817397,2
6251725155$575,1442190644,1823718555,381527911,2
6251725155$574,1442190626,1825654653,383464027,2
6251725155$573,1442190612,1835020426,392829814,2
6251725155$572,1442190598,1829994919,387804321,2
6251725155$571,1442190584,1842164781,399974197,2
6251725155$570,1442190570,1813957779,371767209,2
6251725155$579,1442190702,1873132333,430941631,2
6251725155$578,1442190688,1852418793,410228105,2
6251540546$158,0,1711489120,1711489120,2
6251540546$159,0,1719064959,1719064959,2
6251969145$20,4841040934,5368414515,527373581,2
6251969145$27,4841041032,5383978163,542937131,2
6251969145$26,4841041018,5366020104,524979086,2
6251969145$25,4841041004,5383978909,542937905,2
6251969145$24,4841040990,5372505608,531464618,2
6251749537$31,1574499400,1795679231,221179831,2
6251812952$192,2205324915,5203538244,2998213329,2
6251749537$34,1574499492,1787487846,212988354,2
6251749537$37,1574499565,1795679199,221179634,2
6251812952$196,2205324995,5079613688,2874288693,2
6251749537$39,1574499609,1792055262,217555653,2
6251537638$1439,0,618629521,618629521,2
6251537638$1438,0,691890616,691890616,2
6251537638$1431,0,635393186,635393186,2
6251537638$1430,0,641937141,641937141,2
6251537638$1433,0,748292366,748292366,2
6251812952$548,2205332939,4909465606,2704132667,2
6251812952$549,2235282825,4805849045,2570566220,2
6251882848$794,3239662995,3439182258,199519263,2
6250505806$270,0,951372299,951372299,2
6250505806$272,0,3232407743,3232407743,2
6251749537$311,1574505922,1786394727,211888805,2
6251749537$310,1574505894,1791028481,216522587,2
6251749537$313,1574505971,1787489503,212983532,2
6251749537$312,1574505949,1785327472,210821523,2
6251749537$317,1574506059,1792055678,217549619,2
6251749537$316,1574506037,1790028208,215522171,2
6251803864$1030,2178755462,2848087438,669331976,2
6251803864$1031,2178755483,3306107797,1127352314,2
6251803864$1036,2178755556,2925952261,747196705,2
6251803864$1037,2178755570,2839263258,660507688,2
6251803864$1034,2178755528,3170741824,991986296,2
6251803864$1035,2178755542,2838464169,659708627,2
6251726235$1403,1442219156,3086469717,1644250561,2
6251726235$1402,1442219142,3146367348,1704148206,2
6251726235$1407,1442219212,3094342625,1652123413,2
6251726235$1406,1442219198,3077231989,1635012791,2
6251726235$1405,1442219184,3077976923,1635757739,2
6251726235$1404,1442219170,3086469565,1644250395,2
6251726235$164,1442200277,3072412939,1630212662,2
6251726235$166,1442200305,3118396283,1676195978,2
6251726235$167,1442200320,3139653629,1697453309,2
6251726235$160,1442200221,3139654361,1697454140,2
6251726235$162,1442200249,3145558872,1703358623,2
6251904229$886,3551562320,4039973273,488410953,2
6251904229$887,3551562334,4278008733,726446399,2
6251904229$884,3551562292,4055397635,503835343,2
6251904229$882,3551562264,4053806453,502244189,2
6251904229$883,3551562278,4233327687,681765409,2
6251904229$880,3551562236,4016302841,464740605,2
6251904229$881,3551562250,4031875286,480313036,2
6251904229$888,3551562348,4183261819,631699471,2
6251784940$1208,2140240130,2490518823,350278693,2
6251784940$1209,2140240147,2517838521,377598374,2
6251784940$1204,2140240066,2493716349,353476283,2
6251784940$1205,2140240081,2506433023,366192942,2
6251784940$1206,2140240095,2512623178,372383083,2
6251784940$1207,2140240109,2498556340,358316231,2
6251784940$1201,2140239965,2519875888,379635923,2
6251784940$1202,2140240028,2495461486,355221458,2
6251784940$1203,2140240052,2514427797,374187745,2
6250345153$288,0,4134281801,4134281801,0
6250345153$289,0,2832494129,2832494129,0
6251866953$829,2852997096,3042544563,189547467,2
6250345153$280,0,2793385114,2793385114,0
6251866953$826,2852997054,3011962862,158965808,2
6250345153$282,0,2732601502,2732601502,0
6250345153$283,0,2961526877,2961526877,0
6250345153$284,0,2913254430,2913254430,0
6251866953$822,2852996998,3024885462,171888464,2
6250345153$286,0,2769126252,2769126252,0
6251866953$820,2852996970,3027315603,174318633,2
6251722714$1049,1426236454,1840472437,414235983,2
6251722714$1048,1426236440,1831940650,405704210,2
6251726235$995,1442213027,3074754754,1632541727,2
6251726235$994,1442213013,3073956087,1631743074,2
6251726235$991,1442212971,3093623490,1651410519,2
6251726235$990,1442212957,3146368297,1704155340,2
6251726235$993,1442212999,3083779940,1641566941,2
6251803864$573,2178748217,2991932837,813184620,2
6251803864$572,2178748203,2944659371,765911168,2
6251803864$571,2178748189,2846163365,667415176,2
6251803864$570,2178748175,2836904972,658156797,2
6251726235$999,1442213084,3073134198,1630921114,2
6251726235$998,1442213069,3077976713,1635763644,2
6251803864$574,2178748231,2952558339,773810108,2
6251537638$1539,0,700889525,700889525,2
6251537638$1530,0,600818656,600818656,2
6251537638$1533,0,608963668,608963668,2
6251537638$1534,0,721387883,721387883,2
6251537638$1537,0,791133909,791133909,2
6251540546$25,0,1839611828,1839611828,2
6251540546$24,0,1858273161,1858273161,2
6251540546$27,0,1681590275,1681590275,2
6251540546$21,0,1747243939,1747243939,2
6251540546$20,0,1686707081,1686707081,2
6251540546$23,0,1686707026,1686707026,2
6251540546$22,0,1823718484,1823718484,2
6251540546$29,0,1743933434,1743933434,2
6251540546$28,0,1819094302,1819094302,2
6251795690$808,2151676998,2629106826,477429828,2
6251795690$809,2151677012,3047449474,895772462,2
6251947488$49,4278717281,4362038195,83320914,2
6251947488$48,4278717261,4382329442,103612181,2
6251947488$41,4278717121,4383161804,104444683,2
6251947488$40,4278717101,4378646203,99929102,2
6251947488$43,4278717161,4360382399,81665238,2
6251947488$42,4278717141,4385720302,107003161,2
6251947488$46,4278717221,4384846237,106129016,2
6248963712$53,0,3998785497,3998785497,2
6251904229$1039,3551564622,4021178657,469614035,2
6251904229$1038,3551564608,4003494144,451929536,2
6251904229$1031,3551564499,4294842804,743278305,2
6251904229$1030,3551564485,4015470576,463906091,2
6251904229$1033,3551564528,4020184175,468619647,2
6251904229$1035,3551564566,4025255450,473690884,2
6251904229$1034,3551564549,4012518293,460953744,2
6251904229$1037,3551564594,4126676918,575112324,2
6251904229$1036,3551564580,4014672619,463108039,2
6251795690$1008,2151680060,2629106898,477426838,2
6251795690$1009,2151680074,2668289014,516608940,2
6251795690$1000,2151679948,3038173610,886493662,2
6251795690$1001,2151679962,2731041782,579361820,2
6251795690$1002,2151679976,2762859266,611179290,2
6251795690$1003,2151679990,2635103230,483423240,2
6251795690$1004,2151680004,2634262616,482582612,2
6251795690$1005,2151680018,2629106996,477426978,2
6251795690$1006,2151680032,2708568899,556888867,2
6251795690$1007,2151680046,3333667401,1181987355,2
6251827185$159,2220846169,2492840878,271994709,0
6251827185$158,2220846149,2481963405,261117256,0
6251827185$151,2220846009,2481964581,261118572,0
6251827185$150,2220845989,2492027390,271181401,0
6251827185$153,2220846049,2488016448,267170399,0
6251827185$152,2220846029,2508324861,287478832,0
6251827185$155,2220846089,2485802239,264956150,0
6251827185$157,2220846129,2484898913,264052784,0
6251779174$647,2102282870,2590932000,488649130,2
6251882848$410,3239657267,3511139538,271482271,2
6251779174$645,2102282842,2554809997,452527155,2
6251779174$644,2102282828,2547623641,445340813,2
6251779174$643,2102282814,2664850934,562568120,2
6251779174$642,2102282800,2557148447,454865647,2
6251779174$641,2102282785,2548502364,446219579,2
6251779174$640,2102282771,2562416200,460133429,2
6251882848$419,3239657393,3487231163,247573770,2
6251882848$418,3239657379,3552179755,312522376,2
6251779174$649,2102282898,2544859005,442576107,2
6251779174$648,2102282884,2582810183,480527299,2
6251722714$328,1426225687,1819094259,392868572,2
6251722714$329,1426225701,1834212402,407986701,2
6251860459$549,2789561165,2967353588,177792423,2
6251860459$548,2789561151,2989655148,200093997,2
6251723929$228,1426239913,2477454110,1051214197,2
6251723929$229,1426239927,2857930308,1431690381,2
6251723929$220,1426239800,2989654920,1563415120,2
6251723929$221,1426239814,2461991672,1035751858,2
6251723929$222,1426239828,2718156756,1291916928,2
6251723929$223,1426239842,2672106353,1245866511,2
6251723929$224,1426239856,2394308209,968068353,2
6251723929$225,1426239871,2503558865,1077318994,2
6251723929$226,1426239885,2380485297,954245412,2
6251723929$227,1426239899,2372554757,946314858,2
6251784940$1669,2140247021,2508325524,368078503,2
6251784940$1666,2140246979,2492027784,351780805,2
6251784940$1660,2140246895,2511833458,371586563,2
6251784940$1661,2140246909,2495460254,355213345,2
6251784940$1329,2140241873,2512622435,372380562,2
6251784940$1328,2140241859,2494626386,354384527,2
6251784940$1323,2140241789,2512623496,372381707,2
6251784940$1322,2140241775,2489727610,349485835,2
6251784940$1327,2140241845,2496353393,356111548,2
6251784940$1326,2140241831,2492842015,352600184,2
6251784940$1324,2140241803,2502007302,361765499,2
6251845404$11,2476211764,3098265707,622053943,2
6251845404$10,2476211744,3162499087,686287343,2
6251845404$13,2476211804,3173065261,696853457,2
6251845404$12,2476211784,3140432139,664220355,2
6251845404$14,2476211825,3088291827,612080002,2
6251959510$9,4524461361,4894816158,370354797,2
6251959510$8,4524461341,4893973516,369512175,2
6251959510$5,4524461281,4887460109,362998828,2
6251959510$4,4524461261,4889770086,365308825,2
6251959510$7,4524461321,4891375319,366913998,2
6251959510$6,4524461301,4889769807,365308506,2
6251959510$1,4524461207,4900400911,375939704,2
6251959510$0,4524461193,4898667522,374206329,2
6251959510$3,4524461241,4889069818,364608577,2
6251959510$2,4524461221,4894816052,370354831,2
6251749537$290,1574505445,1789045767,214540322,2
6251749537$291,1574505461,1777785494,203280033,2
6251749537$292,1574505477,1783673290,209167813,2
6251749537$293,1574505493,1780939883,206434390,2
6251803864$1177,2178757878,2871451519,692693641,2
6251803864$1176,2178757864,2916397513,737639649,2
6251803864$1175,2178757850,3137533914,958776064,2
6251803864$1174,2178757836,3471459132,1292701296,2
6251803864$1173,2178757822,2895728915,716971093,2
6251965441$18,4729762898,4904317625,174554727,2
6251860459$675,2789563075,2991162007,201598932,2
6251860459$674,2789563061,2953329859,163766798,2
6251687275$148,872245329,1416635742,544390413,2
6251687275$149,872245349,1434355106,562109757,2
6251784940$372,2140227752,2509212410,368984658,2
6251784940$375,2140227794,2494626415,354398621,2
6251904229$929,3551563000,4025256185,473693185,2
6251904229$928,3551562986,4189502434,637939448,2
6251687275$146,872245289,1401137428,528892139,2
6251969145$578,4841049025,5358152182,517103157,2
6251983768$449,4952043252,5024372678,72329426,0
6251983768$448,4952043232,5023550326,71507094,0
6251983768$443,4952043132,5026384866,74341734,0
6251983768$442,4952043112,5031975838,79932726,0
6251983768$440,4952043072,5023549338,71506266,0
6251983768$447,4952043212,5019595458,67552246,0
6251983768$446,4952043192,5025167549,73124357,0
6251983768$445,4952043172,5019595266,67552094,0
6251983768$444,4952043152,5031216391,79173239,0
6251812952$454,2205330711,4762185335,2556854624,2
6251812952$457,2205330843,5081086337,2875755494,2
6251812952$1038,2228708248,4873988947,2645280699,2
6251812952$1039,2231825127,4803363121,2571537994,2
6251812952$1032,2229686404,5070052923,2840366519,2
6251812952$1033,2243860517,4852069952,2608209435,2
6251812952$1030,2237592012,4858837000,2621244988,2
6251812952$1031,2235282776,4846205267,2610922491,2
6251812952$1036,2242917212,5291558147,3048640935,2
6251812952$1037,2242917028,4887460399,2644543371,2
6251812952$1034,2242916764,5179753692,2936836928,2
6251812952$1035,2233017497,5197094479,2964076982,2
6251812952$450,2205330631,5310829740,3105499109,2
6251726235$810,1442210254,3101251225,1659040971,2
6251726235$811,1442210268,3089945939,1647735671,2
6251726235$812,1442210288,3123434739,1681224451,2
6251726235$813,1442210320,3094342468,1652132148,2
6251726235$815,1442210360,3075644257,1633433897,2
6251779174$339,2102278187,2549328732,447050545,2
6251779174$338,2102278173,2551352882,449074709,2
6251779174$337,2102278159,2633518231,531240072,2
6251779174$336,2102278145,2588831537,486553392,2
6251779174$335,2102278131,2552132269,449854138,2
6251779174$334,2102278117,2551354047,449075930,2
6251779174$333,2102278103,2545811417,443533314,2
6251779174$332,2102278089,2540315161,438037072,2
6251779174$331,2102278073,2578367928,476089855,2
6251779174$330,2102278059,2545811694,443533635,2
6251915193$629,3853055927,4074388547,221332620,2
6251915193$620,3853055783,4061017056,207961273,2
6251915193$621,3853055797,4056206467,203150670,2
6251915193$622,3853055811,4056206283,203150472,2
6251915193$623,3853055825,4026813101,173757276,2
6251915193$624,3853055839,4028331948,175276109,2
6251915193$625,3853055853,4020184570,167128717,2
6251915193$626,3853055867,4125018928,271963061,2
6250505806$108,0,2013323462,2013323462,2
6251803864$1407,2178761368,2867323307,688561939,2
6251803864$1406,2178761354,2939058751,760297397,2
6251803864$1405,2178761340,2837676389,658915049,2
6251803864$1404,2178761326,2879504476,700743150,2
6251803864$1403,2178761312,2857930080,679168768,2
6251803864$1402,2178761298,2910019363,731258065,2
6251803864$1401,2178761284,2917153797,738392513,2
6251803864$1400,2178761270,3245290360,1066529090,2
6251803864$1409,2178761396,2860459678,681698282,2
6251803864$1408,2178761382,2833766770,655005388,2
6251712256$862,1373721719,1729639741,355918022,2
6251712256$861,1373721705,1723635851,349914146,2
6251712256$860,1373721691,1723636487,349914796,2
6251717526$815,1400589111,1703235547,302646436,2
6250345153$281,0,2872947569,2872947569,0
6251892565$493,3413244524,4040748911,627504387,2
6250505806$104,0,1135550748,1135550748,2
6251849958$229,2640759968,2832494865,191734897,2
6251849958$228,2640759954,2810543737,169783783,2
6251849958$221,2640759854,2799137214,158377360,2
6251849958$220,2640759840,2808110683,167350843,2
6251849958$223,2640759882,2795597301,154837419,2
6251849958$222,2640759868,2852276552,211516684,2
6251849958$225,2640759910,2864405864,223645954,2
6251849958$224,2640759896,2800043329,159283433,2
6251849958$227,2640759940,2806591177,165831237,2
6251849958$226,2640759924,2875037309,234277385,2
6251784940$601,2140231086,2530350857,390119771,2
6251748246$0,1523834412,1558799315,34964903,2
6251537638$478,0,608158883,608158883,2
6251941721$133,4225971143,4349178212,123207069,2
6251941721$134,4225971157,4348319904,122348747,2
6251941721$139,4225971227,4350835322,124864095,2
6251812952$1177,2234092521,5216095280,2982002759,2
6251812952$1176,2243859741,4980919377,2737059636,2
6251812952$1175,2241467929,4886546235,2645078306,2
6251812952$1171,2235281223,4797864974,2562583751,2
6251812952$1170,2240264501,5167086407,2926821906,2
6251951306$257,4367037250,4580755620,213718370,2
6251795690$408,2151670934,2672821888,521150954,2
6251795690$409,2151670948,2636670873,484999925,2
6251795690$406,2151670906,2632801279,481130373,2
6251795690$407,2151670920,2651600789,499929869,2
6251795690$404,2151670878,2640034063,488363185,2
6251795690$405,2151670892,2628358667,476687775,2
6251795690$402,2151670850,2629107475,477436625,2
6251795690$403,2151670864,2760575140,608904276,2
6251795690$400,2151670822,2731041140,579370318,2
6251795690$401,2151670836,2628358617,476687781,2
6251982423$358,4952023944,5206075903,254051959,2
6251982423$354,4952023888,5211769636,259745748,2
6251982423$355,4952023902,5206910432,254886530,2
6251982423$356,4952023916,5240065610,288041694,2
6251982423$350,4952023832,5208512144,256488312,2
6251982423$351,4952023846,5209390557,257366711,2
6251994342$0,5100119413,5135659848,35540435,2
6251717526$11,1400577074,1697984729,297407655,2
6251717526$17,1400577158,1700757032,300179874,2
6251892565$768,3413248664,4050971385,637722721,2
6251892565$769,3413248678,4135025791,721777113,2
6251892565$764,3413248608,4023683669,610435061,2
6251892565$765,3413248622,4074388970,661140348,2
6251892565$766,3413248636,4091934582,678685946,2
6251103557$19,0,2034951891,2034951891,2
6251103557$18,0,1982948393,1982948393,2
6251103557$11,0,1991280517,1991280517,2
6251103557$10,0,1986908614,1986908614,2
6251103557$13,0,2010039477,2010039477,2
6251103557$12,0,1995470462,1995470462,2
6251103557$15,0,1996946119,1996946119,2
6251103557$14,0,2026875024,2026875024,2
6251103557$17,0,2009324013,2009324013,2
6251103557$16,0,2000712348,2000712348,2
6251754480$288,1601643639,1721924620,120280981,2
6251754480$289,1601643661,1740177088,138533427,2
6251754480$284,1601643537,1725418250,123774713,2
6251754480$285,1601643559,1758883487,157239928,2
6250345153$1099,0,2915613153,2915613153,0
6250345153$1098,0,2878716105,2878716105,0
6250345153$1093,0,3075644510,3075644510,0
6250345153$1092,0,3188565139,3188565139,0
6250345153$1091,0,2751408377,2751408377,0
6250345153$1090,0,2754272133,2754272133,0
6250345153$1097,0,2912473467,2912473467,0
6250345153$1096,0,2725015646,2725015646,0
6250345153$1095,0,2822083959,2822083959,0
6250345153$1094,0,2767206896,2767206896,0
6251812952$1407,2234090089,5109320101,2875230012,2
6251812952$1406,2231825080,4939355444,2707530364,2
6251812952$1405,2242918299,4980097751,2737179452,2
6251812952$1404,2236549019,5058873907,2822324888,2
6251812952$1403,2234088994,4974028456,2739939462,2
6251812952$1402,2240264196,5077109930,2836845734,2
6251812952$1401,2242917768,5094310574,2851392806,2
6251812952$1400,2243858534,5108545393,2864686859,2
6251812952$1409,2233096748,5157910481,2924813733,2
6251812952$1408,2242917875,5121627720,2878709845,2
6251904229$769,3551560575,4321341431,769780856,2
6251904229$768,3551560561,4002556574,450996013,2
6251904229$767,3551560547,4016303428,464742881,2
6251904229$766,3551560533,4019334617,467774084,2
6251904229$765,3551560519,4017285342,465724823,2
6251904229$764,3551560505,4019334309,467773804,2
6251904229$763,3551560491,4061017030,509456539,2
6251904229$762,3551560477,4036048850,484488373,2
6251904229$761,3551560453,4238268168,686707715,2
6251904229$760,3551560396,4329106761,777546365,2
6251866953$519,2852992388,2999441622,146449234,2
6251754480$596,1601650401,1734478314,132827913,2
6251754480$598,1601650452,1744714798,143064346,2
6251717526$350,1400582071,1708869882,308287811,2
6251717526$351,1400582085,1697221320,296639235,2
6251717526$352,1400582099,1704921068,304338969,2
6251717526$353,1400582113,1700756273,300174160,2
6251717526$354,1400582127,1740177217,339595090,2
6251717526$355,1400582141,1697983810,297401669,2
6251717526$356,1400582155,1710751983,310169828,2
6251717526$357,1400582169,1698805639,298223470,2
6251717526$358,1400582183,1708084854,307502671,2
6251717526$359,1400582197,1702367716,301785519,2
6251726235$285,1442202187,3077976186,1635773999,2
6251726235$287,1442202216,3131939109,1689736893,2
6251726235$286,1442202202,3142553441,1700351239,2
6251726235$281,1442202131,3074755462,1632553331,2
6251726235$280,1442202117,3076472579,1634270462,2
6251726235$282,1442202145,3102133553,1659931408,2
6251726235$289,1442202244,3075644020,1633441776,2
6251726235$288,1442202230,3146367536,1704165306,2
6251915193$868,3853059410,4155403391,302343981,2
6251915193$869,3853059424,4088146359,235086935,2
6251915193$862,3853059326,4050971411,197912085,2
6251915193$863,3853059340,4063677964,210618624,2
6251915193$860,3853059298,4099536773,246477475,2
6251915193$861,3853059312,4095282293,242222981,2
6251915193$866,3853059382,4024456849,171397467,2
6251915193$867,3853059396,4013922715,160863319,2
6251915193$864,3853059354,4039142701,186083347,2
6251915193$865,3853059368,4023682819,170623451,2
6251803864$1854,2178768292,3016500196,837731904,2
6251803864$1855,2178768313,2895727895,716959582,2
6251803864$1856,2178768337,2910769536,732001199,2
6251803864$1857,2178768354,3113306594,934538240,2
6251803864$1850,2178768230,2908093974,729325744,2
6251803864$1851,2178768244,2949248679,770480435,2
6251803864$1852,2178768258,2973085334,794317076,2
6251803864$1853,2178768272,3057311630,878543358,2
6251803864$1858,2178768368,2903798088,725029720,2
6251725155$375,1442187597,1858272642,416085045,2
6250505806$329,0,3101251683,3101251683,2
6250505806$324,0,1412046604,1412046604,2
6251827185$97,2220844942,2480984844,260139902,0
6251921741$955,3939594039,4597266643,657672604,2
6251982423$721,4952029233,5226732943,274703710,2
6251982423$724,4952029287,5228281110,276251823,2
6251674199$69,763189199,932652816,169463617,2
6251674199$68,763189185,956409832,193220647,2
6251674199$63,763189115,944306111,181116996,2
6251674199$62,763189101,989566406,226377305,2
6251674199$61,763189087,954276623,191087536,2
6251674199$60,763189073,930859490,167670417,2
6251674199$66,763189157,999002529,235813372,2
6251674199$65,763189143,932652574,169463431,2
6251674199$64,763189129,954276346,191087217,2
6251779174$920,2102286975,2616865328,514578353,2
6251539840$403,0,1072994834,1072994834,2
6251539840$402,0,1084274970,1084274970,2
6251539840$409,0,1219246978,1219246978,2
6251539840$408,0,1088999946,1088999946,2
6251982423$154,4952021006,5208512608,256491602,2
6251982423$155,4952021020,5197980270,245959250,2
6251866953$498,2852991999,3030205883,177213884,2
6251866953$499,2852992013,3101252066,248260053,2
6251754480$259,1601642879,1743147832,141504953,2
6251754480$258,1601642850,1725418887,123776037,2
6251754480$255,1601642802,1726356521,124713719,2
6251754480$254,1601642786,1720807615,119164829,2
6251754480$257,1601642834,1744714403,143071569,2
6251754480$256,1601642818,1721924664,120281846,2
6251754480$251,1601642738,1725418815,123776077,2
6251754480$253,1601642770,1726357189,124714419,2
6251754480$252,1601642754,1721924785,120282031,2
6251726235$568,1442206632,3113306632,1671100000,2
6251726235$569,1442206646,3102134279,1659927633,2
6251803864$948,2178754008,3004136779,825382771,2
6251803864$949,2178754027,2911535276,732781249,2
6251726235$560,1442206517,3086469487,1644262970,2
6251726235$561,1442206534,3138207240,1696000706,2
6251726235$562,1442206548,3084837921,1642631373,2
6251726235$564,1442206576,3094342376,1652135800,2
6251726235$566,1442206604,3071208198,1629001594,2
6251726235$567,1442206618,3098265644,1656059026,2
6251795690$601,2151673860,2627591003,475917143,2
6251726235$501,1442205585,3099061120,1656855535,2
6251882848$224,3239654352,3516105519,276451167,2
6251795690$603,2151673888,2662391067,510717179,2
6251803864$960,2178754226,2872947412,694193186,2
6251803864$961,2178754240,2844897653,666143413,2
6251726235$508,1442205684,3073956127,1631750443,2
6251969145$1000,4841055111,5352046685,510991574,2
6251803864$966,2178754310,3465031083,1286276773,2
6251803864$967,2178754324,2974256498,795502174,2
6251722714$930,1426234631,1843575496,417340865,2
6251722714$933,1426234674,1830815473,404580799,2
6251722714$932,1426234660,1855946229,429711569,2
6251722714$935,1426234702,1837700362,411465660,2
6251722714$934,1426234688,1838607677,412372989,2
6251722714$937,1426234730,1811512319,385277589,2
6251722714$936,1426234716,1821155947,394921231,2
6251915193$989,3853061164,4081200980,228139816,2
6251915193$988,3853061150,4040748366,187687216,2
6251672941$41,760950889,996108845,235157956,2
6251812952$201,2205325125,4934919935,2729594810,2
6251812952$200,2205325099,5103323392,2897998293,2
6251812952$203,2205325165,4763551915,2558226750,2
6251812952$202,2205325151,5107062904,2901737753,2
6251812952$205,2205325193,5226732154,3021406961,2
6251812952$204,2205325179,4756362932,2551037753,2
6251812952$207,2205325221,4750102604,2544777383,2
6251812952$206,2205325207,4750102622,2544777415,2
6251812952$209,2205325273,4951338941,2746013668,2
6251812952$208,2205325247,4964530999,2759205752,2
6251723929$839,1426249212,2545811976,1119562764,2
6251723929$838,1426249198,2576568005,1150318807,2
6251723929$831,1426249058,2563572372,1137323314,2
6251723929$830,1426249038,2529401235,1103152197,2
6251723929$833,1426249098,2578368103,1152119005,2
6251723929$832,1426249078,2692100287,1265851209,2
6251723929$835,1426249138,2643733793,1217484655,2
6251723929$834,1426249118,2452755003,1026505885,2
6251723929$837,1426249178,2582003766,1155754588,2
6251723929$836,1426249158,2461200262,1034951104,2
6251969145$248,4841044188,5361635204,520591016,2
6251915193$1020,3853061773,4083381843,230320070,2
6251969145$241,4841044089,5383978493,542934404,2
6251969145$242,4841044103,5363990997,522946894,2
6251915193$1024,3853061829,4065289245,212227416,2
6251969145$246,4841044159,5352858415,511814256,2
6251915193$1027,3853061871,4048491044,195429173,2
6251722714$708,1426231305,1827540561,401309256,2
6251722714$702,1426231221,1849260500,423029279,2
6251722714$703,1426231235,1829995332,403764097,2
6251722714$700,1426231193,1838608236,412377043,2
6251899333$451,3527456561,3720369165,192912604,2
6251722714$701,1426231207,1829132488,402901281,2
6251899333$452,3527456593,3701378955,173922362,2
6251722714$706,1426231277,1829133259,402901982,2
6251722714$707,1426231291,1812347368,386116077,2
6251928661$0,4039128491,4074388523,35260032,2
6251722714$705,1426231263,1819095052,392863789,2
6251784940$1171,2140239527,2509211974,368972447,2
6251974185$185,4853926921,5379870537,525943616,2
6251974185$187,4853926949,5374876318,520949369,2
6251812952$1854,2235281283,5128168772,2892887489,2
6251749537$404,1574508102,1795679635,221171533,2
6251812952$1856,2231825185,5259879496,3028054311,2
6251812952$1857,2228708264,5203537221,2974828957,2
6251749537$401,1574508022,1793500984,218992962,2
6251749537$400,1574507993,1792054382,217546389,2
6251749537$403,1574508073,1792054086,217546013,2
6251812952$1858,2225159611,5020466132,2795306521,2
6251812952$1859,2241467397,5114263269,2872795872,2
6251974185$180,4853926851,5406222446,552295595,2
6251974185$183,4853926893,5402117897,548191004,2
6251803864$1726,2178766246,2895728022,716961776,2
6251803864$1727,2178766260,2883416912,704650652,2
6251803864$1724,2178766218,3407776676,1229010458,2
6251803864$1725,2178766232,2901461909,722695677,2
6251803864$1720,2178766162,2869049028,690282866,2
6251803864$1721,2178766176,3058770451,880004275,2
6251803864$1728,2178766274,2938223964,759457690,2
6251803864$1729,2178766294,2902288023,723521729,2
6251860459$1002,2789568297,2952558632,162990335,2
6251860459$1001,2789568283,2937433912,147865629,2
6251860459$1004,2789568337,2961527282,171958945,2
6251860459$1005,2789568400,2936627731,147059331,2
6251860459$140,2789554796,2963521256,173966460,2
6251726235$1319,1442217908,3084836823,1642618915,2
6251726235$1318,1442217894,3084837239,1642619345,2
6251726235$1316,1442217866,3089945693,1647727827,2
6251726235$1315,1442217852,3086469418,1644251566,2
6251726235$1314,1442217838,3095265109,1653047271,2
6251726235$1313,1442217823,3122724048,1680506225,2
6251726235$1312,1442217809,3085628870,1643411061,2
6251726235$1311,1442217795,3071207475,1628989680,2
6251726235$1310,1442217781,3073956605,1631738824,2
6251815403$9,2226908237,2415835542,188927305,2
6251815403$8,2213779766,2418262040,204482274,2
6251815403$6,2213779738,2419141053,205361315,2
6251815403$4,2213779710,2415835816,202056106,2
6251815403$3,2213779696,2415835445,202055749,2
6251815403$0,2213779654,2420354477,206574823,2
6251712256$179,1373711533,1732547380,358835847,2
6251712256$178,1373711519,1722773595,349062076,2
6251812952$222,2205325551,5143242336,2937916785,2
6251812952$221,2205325525,5144004429,2938678904,2
6251921741$158,3939582245,4594882405,655300160,2
6251921741$159,3939582259,4591564641,651982382,2
6251921741$156,3939582217,4586312540,646730323,2
6251921741$154,3939582189,4584088867,644506678,2
6251921741$155,3939582203,4594882003,655299800,2
6251921741$152,3939582161,4591564857,651982696,2
6251921741$153,3939582175,4609917946,670335771,2
6251921741$150,3939582133,4590796420,651214287,2
6251812952$226,2205325631,5032692494,2827366863,2
6251969145$329,4841045345,5358996449,517951104,2
6251969145$328,4841045331,5362396594,521351263,2
6251969145$327,4841045317,5357332919,516287602,2
6251969145$326,4841045303,5358996301,517950998,2
6251969145$325,4841045289,5354788569,513743280,2
6251969145$323,4841045261,5362396477,521351216,2
6251969145$320,4841045219,5368414223,527369004,2
6251495621$32,0,745658499,745658499,2
6251495621$30,0,727437799,727437799,2
6251495621$37,0,734191507,734191507,2
6251495621$36,0,739548158,739548158,2
6251495621$35,0,720669849,720669849,2
6251495621$34,0,723495802,723495802,2
6251495621$39,0,718537675,718537675,2
6251495621$38,0,844722799,844722799,2
6251866953$919,2852998585,3090758683,237760098,2
6251866953$918,2852998571,3864900360,1011901789,2
6251866953$913,2852998501,2997990468,144991967,2
6251866953$912,2852998487,3012792656,159794169,2
6251866953$911,2852998473,3066022685,213024212,2
6251866953$910,2852998459,3010435889,157437430,2
6251866953$917,2852998557,2989655049,136656492,2
6251866953$916,2852998543,3096704525,243705982,2
6251866953$915,2852998529,3008778712,155780183,2
6251866953$914,2852998515,3011228609,158230094,2
6251725155$340,1442187078,1826561462,384374384,2
6251725155$341,1442187094,1813115979,370928885,2
6251725155$342,1442187108,1821966307,379779199,2
6251725155$343,1442187122,1812346164,370159042,2
6251725155$344,1442187142,1809605202,367418060,2
6251725155$345,1442187162,1819094953,376907791,2
6251725155$346,1442187182,1825654711,383467529,2
6251725155$347,1442187196,1813115553,370928357,2
6251725155$348,1442187210,1829995098,387807888,2
6251725155$349,1442187224,1866917676,424730452,2
6251725155$90,1442183318,1908458034,466274716,2
6251717526$198,1400579768,1743933806,343354038,2
6251717526$199,1400579782,1780076922,379497140,2
6251717526$192,1400579684,1707339641,306759957,2
6251717526$193,1400579698,1705719175,305139477,2
6251717526$190,1400579656,1703235228,302655572,2
6251717526$191,1400579670,1700756472,300176802,2
6251717526$196,1400579740,1709624453,309044713,2
6251717526$197,1400579754,1699981813,299402059,2
6251717526$194,1400579712,2053092263,652512551,2
6251717526$195,1400579726,1734478251,333898525,2
6251537638$1719,0,786956998,786956998,2
6250505806$212,0,2162221514,2162221514,2
6250505806$213,0,1789046780,1789046780,2
6251787910$864,2144408995,2538253278,393844283,2
6251787910$865,2144409009,2548501888,404092879,2
6251787910$860,2144408923,2677434590,533025667,2
6251787910$861,2144408943,2544859075,400450132,2
6251787910$862,2144408964,2546785944,402376980,2
6251787910$863,2144408981,2570249250,425840269,2
6250505806$218,0,1262781383,1262781383,2
6251784165$164,2126553339,2240265315,113711976,2
6251784165$165,2126553354,2240265550,113712196,2
6251784165$166,2126553369,2272325581,145772212,2
6251784165$167,2126553384,2283260491,156707107,2
6251784165$160,2126553279,2270561125,144007846,2
6251784165$161,2126553294,2280071323,153518029,2
6251784165$162,2126553309,2268769909,142216600,2
6251784165$163,2126553324,2218835132,92281808,2
6251784165$168,2126553399,2269723825,143170426,2
6251784165$169,2126553414,2222351304,95797890,2
6251777719$78,2074708908,2688559321,613850413,2
6251777719$79,2074708922,2662390404,587681482,2
6251753305$919,1601635071,1736360672,134725601,2
6251753305$918,1601635057,1746457146,144822089,2
6251787910$181,2144398811,2542053498,397654687,2
6251753305$911,1601634959,1731477897,129842938,2
6251753305$910,1601634945,1741166631,139531686,2
6251753305$913,1601634987,1740176079,138541092,2
6251753305$912,1601634973,1811512615,209877642,2
6251753305$915,1601635015,1740176950,138541935,2
6251753305$914,1601635001,1735328399,133693398,2
6251753305$917,1601635043,1747243922,145608879,2
6251753305$916,1601635029,1736361043,134726014,2
6251983768$3,4952034014,5017121174,65087160,0
6251983768$2,4952034006,5026385114,74351108,0
6251983768$5,4952034030,5013437347,61403317,0
6251983768$4,4952034022,5024372787,72338765,0
6251983768$7,4952034052,5011136298,59102246,0
6251983768$6,4952034038,5012693228,60659190,0
6251882848$309,3239655747,3526722056,287066309,2
6251882848$308,3239655733,3451853893,212198160,2
6251882848$305,3239655667,3449341654,209685987,2
6251882848$304,3239655653,3549018834,309363181,2
6251882848$307,3239655719,3451093192,211437473,2
6251882848$306,3239655700,3573571792,333916092,2
6251882848$300,3239655575,3469501581,229846006,2
6251882848$303,3239655636,3458113814,218458178,2
6251882848$302,3239655615,3479428844,239773229,2
6251762412$0,1636644316,1945586605,308942289,9
6251717526$603,1400585957,1732548035,331962078,2
6251687275$999,872258615,1553395561,681136946,2
6251765262$178,1717260712,2091154233,373893521,0
6251687275$991,872258503,1339325995,467067492,2
6251640760$127,0,809720598,809720598,2
6251784940$1037,2140237521,2497229669,356992148,2
6251784940$1036,2140237507,2510010665,369773158,2
6251784940$1035,2140237493,2523932247,383694754,2
6251784940$1034,2140237479,2487117678,346880199,2
6251784940$1031,2140237437,2508324713,368087276,2
6251938667$224,4207125720,4356415454,149289734,0
6251941721$738,4225980129,4350835515,124855386,2
6251941721$739,4225980143,4349991595,124011452,2
6251941721$732,4225980045,4383996964,158016919,2
6251941721$733,4225980059,4376707473,150727414,2
6251941721$730,4225979979,4361153182,135173203,2
6251941721$731,4225980024,4356415217,130435193,2
6251941721$736,4225980101,4362038534,136058433,2
6251941721$737,4225980115,4351692197,125712082,2
6251941721$734,4225980073,4383997344,158017271,2
6251941721$735,4225980087,4362038570,136058483,2
6251784940$208,2140225371,2525638392,385413021,2
6251784940$209,2140225385,2482838250,342612865,2
6251899333$829,3527462351,3700650957,173188606,2
6251899333$828,3527462337,3762647581,235185244,2
6251899333$821,3527462239,3689608767,162146528,2
6251899333$820,3527462225,3714449382,186987157,2
6251899333$823,3527462267,3686626621,159164354,2
6251899333$822,3527462253,3689608203,162145950,2
6251899333$825,3527462295,3817186113,289723818,2
6251899333$824,3527462281,3736408528,208946247,2
6251899333$827,3527462323,3721165980,193703657,2
6251899333$826,3527462309,3699202247,171739938,2
6251866953$898,2852998269,3036551720,183553451,2
6251866953$899,2852998283,3016500629,163502346,2
6251866953$896,2852998241,3030927563,177929322,2
6251866953$897,2852998255,3066798270,213800015,2
6251866953$894,2852998213,3040942563,187944350,2
6251866953$895,2852998227,3017359171,164360944,2
6251866953$892,2852998185,3009532517,156534332,2
6251866953$893,2852998199,3863363855,1010365656,2
6251866953$890,2852998157,3021757221,168759064,2
6251866953$891,2852998171,2997255050,144256879,2
6251969145$488,4841047664,5354788430,513740766,2
6251969145$489,4841047678,5364918349,523870671,2
6251722714$90,1426221945,1934985900,508763955,2
6251722714$99,1426222073,1825654599,399432526,2
6251674199$170,763190740,976015692,212824952,2
6251812952$1726,2241467971,5164693669,2923225698,2
6251812952$1724,2241468373,5093029651,2851561278,2
6251812952$1725,2241469626,5107063287,2865593661,2
6251812952$1722,2229685372,5248988321,3019302949,2
6251812952$1720,2243858342,5072505579,2828647237,2
6251812952$1721,2234091586,5277538328,3043446742,2
6251812952$1728,2234093239,4981726956,2747633717,2
6251812952$1729,2226909054,5104067656,2877158602,2
6251687275$603,872252395,1330774527,458522132,2
6251687275$602,872252381,1343485919,471233538,2
6251687275$601,872252367,1330775251,458522884,2
6251687275$600,872252350,1417448615,545196265,2
6251687275$607,872252451,1338552520,466300069,2
6251687275$606,872252437,1369536644,497284207,2
6251687275$605,872252423,1333160453,460908030,2
6251687275$604,872252409,1373026940,500774531,2
